wyniki dla pierwszej epoki doby 1.03.2026 r. godz. 0:00:00
azymut i elewacja obliczone dla phi = 52; lam = 21; h = 100 m
wyniki azymutu i elewacji w stopniach!!!
sat	x		y		z	      azymut	elewacja
  1     9352101.591    14282621.747   -20368843.378   156.926   -28.604
  2    -2506204.639    15282971.112   -21104983.626   135.522   -44.220
  3    11882898.310    23391328.719    -4697501.959   136.024     4.346
  4     2767817.904    20012857.516    17182188.835    80.655    36.322
  5     -365360.942   -19882225.054    17417310.450   -47.945     6.352
  6    25602676.928    -4983607.974     5503477.059  -135.393    30.476
  7    22578166.996     7429478.100    12864846.646  -173.876    59.507
  8    -4670032.334    24875887.934    -7370875.524   108.035   -19.688
  9    10927942.958    11535004.154    21176899.116    75.582    69.721
 10   -17484308.548    -3153644.181   -19586284.052    62.685   -83.447
 11    16007784.594   -12456282.046    17162001.589   -82.365    37.842
 12    -7748617.731   -24219672.449    -7973643.129   -68.904   -46.555
 13    13131437.092   -22781909.257    -2796013.557  -100.742   -12.884
 14    19116711.130     5657445.428   -17606545.047  -176.609   -16.789
 15     1046922.059   -25401191.788    -8130134.954   -86.630   -36.374
 16    -5871109.014    16896505.627    19097182.691    57.646    23.123
 17    17745719.970    -4727356.679   -18911885.522  -155.226   -25.225
 18   -23798451.533    -5876062.322    10605290.695     6.748   -26.626
 19    18830486.516   -12270496.763   -13804415.506  -136.023   -19.195
 20     9690685.596   -24652018.709    -1921847.533   -92.874   -16.287
 21     8677925.799   -13577431.865    21117166.635   -56.440    32.927
 22    16285053.026     -577625.664   -20580924.790  -165.396   -27.834
 23   -19327286.570   -15028660.489   -10552018.608   -30.654   -64.417
 24    -3346112.672   -15669481.045   -21722275.756  -115.710   -62.687
 25   -17366488.262   -19925874.859     3360300.238   -31.135   -37.082
 26   -14348354.574     7285937.799    20929266.362    29.162     8.099
 27   -12331959.294    23109604.322     2199022.043    81.423   -14.137
 28   -25515871.598     5855197.333     4556011.621    36.226   -33.152
 29    -9123856.543   -13456219.166    20933009.234   -21.642     4.352
 30    26594369.590     -407779.402     2598793.026  -150.930    28.071
 31   -19960950.944    10818418.042    13746960.330    40.622    -9.886
 32   -17465734.506     8526473.205   -17743346.064    91.861   -63.476
101    10525669.749   -12421914.721    19636201.230   -62.871    35.719
102     6337166.386   -24039492.886     5914971.167   -76.817    -7.553
103    -2925128.831   -21930080.391   -12692375.460   -88.374   -49.665
104    -9259505.600    -7478654.655   -22526396.322  -143.349   -78.832
105   -11029374.236    10726766.801   -20322524.591   117.936   -59.040
106    -6531119.253    23611867.174    -7058745.700   104.240   -22.600
107     2860395.761    21977005.614    12634343.617    91.503    27.346
108     9601302.833     6959725.263    22647995.004    31.771    72.610
109     -946232.963    12766295.997    22095848.403    48.841    39.287
110    13319852.794    17616041.188    12677598.689   120.762    48.153
111    21176717.432    13555278.881    -4356770.586   167.072    13.328
112    16246636.452      599595.320   -19633343.823  -167.726   -26.544
113     3241188.723   -11207361.337   -22701256.238  -138.578   -54.753
114   -13904250.184   -17688071.359   -11989403.054   -55.707   -63.265
115   -21238310.076   -13106805.192     5261201.948   -11.573   -36.913
116   -16078552.351     -590236.246    19785226.293    12.153    -0.337
117    -5228596.814    -9458545.552    23111783.832   -18.520    17.142
118   -19157590.252     -858245.128    16803683.455    13.793    -9.648
119   -24005710.539     8696367.971      401245.419    47.222   -38.201
120   -14436214.575    13381342.169   -16179175.308    99.949   -53.748
121     1733919.023    10717957.965   -23085064.681   153.095   -45.623
122    20278608.480      355472.591   -15454359.257  -164.202   -14.965
123    24161374.179    -7646394.298    -2949801.472  -137.782     8.493
124    13191384.424   -14100810.413    16674480.000   -75.689    31.343
126     8711921.328    10365016.011    21649015.257    58.523    66.866
127    -3779727.398    25083235.277    -2647738.059   103.423   -11.302
128   -14438224.635    12905995.236   -16570239.595   100.537   -54.843
202   -13819134.718    10234837.333    24077766.627    33.258    14.668
203   -21212498.569    18154370.414    -9859839.782    79.773   -41.821
204    10860851.648   -26015187.363    -8996456.961  -102.334   -24.180
205   -18990976.953     -268833.333   -22699956.949    89.193   -79.459
206     2632187.397   -24144499.613   -16929095.421  -103.227   -44.273
207     5553445.050    18699306.947    22275583.751    74.227    49.026
208   -11135853.163    25972198.691     8843316.449    77.378    -0.132
209    -5420020.451   -18609949.487   -22362686.515  -106.272   -62.747
210    -5793598.981   -16191242.006    24091149.828   -28.832    11.938
211   -17221424.557   -14371387.898    19296585.360   -14.202    -8.148
212     5027416.313   -15557193.251    24676271.712   -45.743    28.812
213    16794082.195    14458793.282   -19626477.208   165.294   -16.963
214    -5866272.296   -18150040.441    15815175.565   -37.707    -3.016
215    -5743683.634    15350211.995   -24637959.284   132.952   -48.929
216   -14398585.483   -25598309.339     3604370.099   -43.047   -32.441
218      -89818.672    27490735.962   -15297246.356   123.633   -21.898
219    21496658.747   -17262022.860    10775144.850  -100.199    23.798
221    19661738.001    11120654.345   -19134939.661   173.519   -14.583
223    13733471.124   -10305934.732   -24122244.054  -146.561   -36.814
225   -19655950.767   -11693182.598    18790545.427    -7.516   -10.403
226    29022384.864     4972134.351    -3080898.594  -166.840    19.556
227    13768120.992    26064014.409    -2637995.764   134.544    10.857
229    19178696.764      213482.810    22547602.333   -92.292    73.448
230      271926.622    25705695.919    14644286.478    86.224    24.672
231      168845.958   -25412907.525   -15182881.283   -95.462   -44.934
233    24614401.342    -7051401.904    14865374.352  -114.265    46.717
234   -24463556.782     7215074.569   -15017897.260    66.520   -61.139
236   -28940210.381    -5185882.343     3340982.395    12.554   -40.215
301   -34269875.198    24310358.461    -3152670.643    64.844   -30.961
302     4439255.632    41854362.289    -3005482.704   114.288     4.245
303   -14773324.410    39333921.260    -3814712.726    93.497   -12.308
304   -39544302.001    14098773.865    -3567341.033    50.001   -38.903
305    21938275.147    35978101.711    -1799061.112   136.790    18.763
306    -9256560.265    23548112.735    33865673.834    50.267    31.545
307   -14303213.507    39654731.258    -3747286.355    94.020   -11.752
308     2057700.734    33183170.796   -25729707.345   131.446   -24.205
309     -193371.322    24842310.859    34718335.475    58.023    43.872
310    -8525353.792    40388204.164    -9683969.540   105.201   -13.300
311    24714465.255   -12817314.506    -1995639.210  -127.138     7.502
312    21406405.366     1308221.961   -17832996.731  -166.601   -15.703
313     6484372.432    35751936.666   -20922570.886   131.761   -15.105
314    13538490.612   -12217490.603    21109790.158   -68.185    41.247
316   -13959526.727    22030723.631    33462301.605    46.026    25.360
319    -9563493.910    21040408.114   -15643962.791   110.263   -38.480
320   -15148270.515     3700815.481   -23136250.938   114.903   -73.223
321    12087131.015    18297045.402    17296075.820   104.889    54.135
322     1881417.522    27828735.533     1356296.060   108.337     4.130
323    -5960385.691   -18992442.718   -19562899.043   -98.300   -61.804
324    25406623.488     4382121.181   -10674094.034  -169.278     1.687
325    12519508.328   -11622925.377   -22080147.690  -141.815   -37.639
326    22790071.404    15221232.607     5141720.732   161.324    36.851
327   -13930041.275    -9823863.836    22070908.787    -8.919     1.813
328     1164391.284   -18484128.570    20877869.880   -45.715    15.136
329   -20057019.023    18669615.097    -5281755.657    75.750   -35.229
330   -24446037.703     7098472.632    11393101.381    33.767   -19.625
332   -12200650.915   -18234877.757   -17211777.661   -74.329   -67.006
333     9500674.079   -20983353.950    15737379.151   -69.394    15.618
334    24458337.517    -6898187.479   -11574421.714  -146.703    -6.079
335    -2182225.544    19228326.759   -20115707.231   130.832   -37.834
336   -13146751.131    11084932.125    21994683.094    36.838    13.124
337   -21800886.208   -16285655.015    -6256835.125   -23.740   -56.194
338    -5606570.754    28050571.203   -30836289.667   128.911   -37.393
339   -17845805.643    21529930.844    31565786.076    44.991    19.134
340   -21866402.887    36172221.660    -2333403.032    83.887   -16.998
341    -1159738.047   -27861399.820       -6339.099   -71.150   -25.987
342    15422412.411     -867589.564    23283247.163   -62.816    70.971
343    19183988.795   -19223672.886     6454548.041  -100.699    12.297
344    14398452.813     9399537.329   -22006799.201   172.310   -26.307
345     5200147.509    18808969.158    19927728.494    78.644    45.825
346   -25110788.473    -3771493.128    11604206.833    11.593   -24.609
347   -24025081.339    14091068.486     1587740.354    55.977   -31.056
348   -13944914.972    11601021.254   -21197791.341   110.910   -59.290
349    11989138.783   -20316319.443    14908903.818   -75.268    17.949
350    15158373.839     9403733.013    21470378.634    99.631    80.962
359   -32329635.947    26908738.639    -3002907.600    68.639   -28.473
360     7319117.564    41331783.602    -4043428.411   118.498     5.270
362   -39637984.605    14344206.605    -1191076.398    48.521   -36.162